A S            A B B    Data immediate
  o                reg             mult imme
m u            r r addr     m
u r            e e          u
x c         C  g g          l
  e      D  a           s   n
s  s     e  rs w w      k   d i/o
e  e     s  re r r      i          A    mult
l  l ALU t  yl t t      p          reg  reg

1 00 100 10 00 0 0 0000 010 0 0111 0010 1110
1 11 110 10 00 0 0 0000 100 0 0101 0000 1001
1 01 100 10 01 0 0 0000 000 0 1001 1000 0000
0 01 000 11 11 0 0 0000 000 0 0101 1110 0000
0 00 000 11 10 0 0 1000 000 0 0000 0011 0000
1 00 100 01 10 0 0 1010 111 0 0001 0000 0000
0 00 010 00 00 0 0 0010 000 0 1110 1000 0000
1 00 100 01 10 0 0 0100 000 0 0000 0000 1100
0 00 010 00 00 0 0 0010 000 0 1110 0100 0000
0 01 110 10 10 1 0 0010 100 0 1111 0000 1000
0 00 010 00 00 0 0 0000 100 0 1110 0000 1000
1 01 100 10 10 0 0 1000 000 0 1111 0000 0000
0 00 100 10 10 1 0 0101 000 0 0000 0000 0010
1 01 110 10 00 0 0 0000 100 0 1110 0000 1000
0 00 100 01 10 0 0 1010 100 0 1100 0000 0000
1 01 110 10 00 0 0 0000 100 0 1111 0000 1000
1 01 110 10 10 0 0 0000 100 0 1110 0000 1000
0 00 010 00 00 0 0 0010 100 0 0101 0000 0101
0 00 010 00 00 0 0 0000 000 0 1110 1000 0001
0 01 100 01 10 0 0 1010 000 0 1111 0000 0000
1 00 100 10 10 0 0 0000 101 0 1110 0011 0111
0 00 000 00 10 1 0 0101 011 0 0000 0000 0000
1 00 100 10 10 0 0 0000 110 0 1001 1001 1001
0 01 110 01 10 0 0 1010 100 0 1111 0000 1100
0 00 000 00 10 1 0 0101 011 0 0000 0000 0000
1 00 100 10 10 0 0 0000 100 0 0111 1100 1010
0 00 000 00 10 1 0 0101 011 0 0000 0000 0000
1 00 100 10 10 0 0 0000 000 0 0101 0101 0000
0 00 010 00 00 0 0 0000 100 0 1110 0000 1100
1 00 100 10 10 0 0 0100 010 0 0001 0000 0000
0 00 010 00 00 0 0 0001 100 0 0101 0000 0100
1 01 100 10 11 0 0 0000 000 0 1111 1100 0000
1 00 100 10 10 0 0 0100 010 0 0010 0000 0000
0 10 000 10 01 1 0 0001 000 0 0000 1011 0000
0 00 000 11 00 0 0 0000 010 0 0000 0010 0000
0 10 000 00 11 0 0 0001 000 0 0000 1100 0000
0 00 000 01 10 0 0 0000 000 0 0000 0011 0000
0 10 000 01 11 0 0 0000 000 0 0000 1111 0000
0 00 010 00 00 0 0 0000 000 0 1110 1110 0010
0 01 100 11 10 0 0 1000 000 0 1001 0000 0000
0 00 010 00 00 0 0 0000 000 0 1110 0110 0110
1 01 110 10 00 0 0 0000 100 0 1111 0000 1110
0 00 010 00 00 0 0 0010 000 0 1110 0100 0000
1 00 010 10 00 0 0 0000 100 0 0101 0011 0110
1 01 110 10 00 0 0 0000 100 0 1111 0000 0001
1 01 100 10 10 0 0 1000 100 0 0000 0000 1001
1 01 100 10 10 0 0 0000 000 0 1111 0000 0000
1 00 100 01 10 0 0 0000 000 0 0000 0000 1100
0 00 100 01 10 0 0 0000 111 1 1111 1111 0011
1 00 100 10 10 0 0 0100 000 1 0000 0000 0000
0 00 000 00 10 1 0 0000 011 0 0000 0000 0000
1 00 100 10 10 0 0 0100 000 0 0000 0000 0000
0 00 000 00 10 1 0 0000 011 0 0000 0000 0000
1 00 100 10 10 0 0 0100 010 0 0101 0101 0101
0 00 000 00 10 1 0 0000 011 0 0000 0000 0000
1 00 100 10 10 0 0 0100 001 0 0000 0000 0000
0 00 010 00 00 0 0 0010 100 0 1110 0000 1100
1 00 110 10 00 0 0 0000 000 0 1101 1110 0101
0 00 010 00 00 0 0 0001 100 0 0101 0000 1001
0 00 000 00 00 0 0 0000 000 0 0000 0000 0000
0 00 000 00 00 0 0 0000 000 0 0000 0000 0000
0 00 000 00 00 0 0 0000 000 0 0000 0000 0000
0 00 000 00 00 0 0 0000 000 0 0000 0000 0000
0 00 000 00 00 0 0 0000 000 0 0000 0000 0000
0 00 000 00 00 0 0 0000 000 0 0000 0000 0000
0 00 000 00 00 0 0 0000 000 0 0000 0000 0000
0 00 000 00 00 0 0 0000 000 0 0000 0000 0000
0 00 000 00 00 0 0 0000 000 0 0000 0000 0000
0 00 000 00 00 0 0 0000 000 0 0000 0000 0000
0 00 000 00 00 0 0 0000 000 0 0000 0000 0000
0 00 000 00 00 0 0 0000 000 0 0000 0000 0000
0 00 000 00 00 0 0 0000 000 0 0000 0000 0000
0 00 000 00 00 0 0 0000 000 0 0000 0000 0000
0 00 000 00 00 0 0 0000 000 0 0000 0000 0000
0 00 000 00 00 0 0 0000 000 0 0000 0000 0000
0 00 000 00 00 0 0 0000 000 0 0000 0000 0000
0 00 000 00 00 0 0 0000 000 0 0000 0000 0000
0 00 000 00 00 0 0 0000 000 0 0000 0000 0000
0 00 000 00 00 0 0 0000 000 0 0000 0000 0000
0 00 000 00 00 0 0 0000 000 0 0000 0000 0000
0 00 000 00 00 0 0 0000 000 0 0000 0000 0000
0 00 000 00 00 0 0 0000 000 0 0000 0000 0000
0 00 000 00 00 0 0 0000 000 0 0000 0000 0000
0 00 000 00 00 0 0 0000 000 0 0000 0000 0000
0 00 000 00 00 0 0 0000 000 0 0000 0000 0000
0 00 000 00 00 0 0 0000 000 0 0000 0000 0000
0 00 000 00 00 0 0 0000 000 0 0000 0000 0000
0 00 000 00 00 0 0 0000 000 0 0000 0000 0000
0 00 010 00 00 0 0 0000 000 0 1110 0100 1101
0 00 111 01 00 0 0 0011 000 0 0111 1101 1001
1 11 110 10 00 0 0 0000 000 0 1110 1010 0101
1 01 100 10 10 0 0 1000 000 0 1111 0000 0000
0 00 111 01 00 0 0 0011 000 0 1110 0110 0110
1 11 100 10 10 0 1 0100 000 0 0000 0000 0000
0 01 110 01 00 0 0 0010 000 0 1111 0000 0111
0 00 111 01 00 0 0 0011 000 0 1000 0010 1010
0 11 100 10 10 1 1 0101 000 0 0000 0000 0000
0 01 110 10 00 1 0 0010 000 0 1110 1010 0101
1 01 101 10 00 0 0 0000 000 0 0001 0000 0111
1 11 110 10 00 0 0 0000 000 0 1110 1010 0101
0 00 111 01 00 0 0 0011 000 0 1000 0011 0001
1 01 100 10 10 0 0 1000 000 0 1111 0000 0000
0 01 110 01 00 0 0 0010 000 0 1111 0000 0111
0 01 110 10 00 1 0 0010 000 0 1110 1010 0101
1 01 101 10 00 0 0 0000 000 0 0001 0000 0111
1 11 110 10 00 0 0 0000 000 0 1110 1010 0101
0 00 111 01 00 0 0 0011 000 0 1100 0100 1001
1 01 100 10 10 0 0 1000 000 0 1111 0000 0000
0 01 110 01 00 0 0 0010 000 0 1111 0000 0111
1 01 101 10 00 0 0 0000 000 0 0001 0000 0111
1 11 110 10 10 0 0 0000 100 0 1110 0000 0110
0 00 111 01 00 0 0 0011 100 0 1001 1110 1111
0 01 110 10 00 1 0 0010 000 0 1110 1010 0101
0 01 100 10 11 1 0 0000 000 0 1111 0000 0000
0 00 111 01 00 0 0 0011 000 0 1011 0010 0100
0 01 110 10 01 1 0 0000 000 0 1111 0100 0111
0 11 101 01 00 0 1 0001 000 0 0000 0000 0000
1 01 100 10 10 0 0 1000 000 0 1111 0000 0000
0 00 010 01 00 0 0 0010 000 0 0101 0010 1101
1 00 110 10 00 0 0 0000 000 0 1001 0000 0000
0 00 111 01 00 0 0 0011 100 0 1110 0000 0001
1 11 110 10 10 0 0 1000 100 0 1110 0000 1100
0 01 101 11 00 0 0 0000 000 0 0001 0000 0111
1 11 110 10 10 0 0 0000 000 0 1110 0000 0011
0 00 111 01 00 0 0 0011 100 0 1110 0000 1001
1 01 110 10 01 0 0 0000 100 0 1110 1100 1001
0 01 100 10 11 1 0 0000 000 0 1111 1000 0000
0 00 010 10 10 1 0 1010 100 0 1110 0011 0100
0 01 110 01 00 0 0 0000 000 0 1111 0000 0111
1 01 101 10 00 0 0 0000 000 0 0001 0000 0111
0 01 000 01 11 0 0 1010 000 0 0001 1010 1011
0 00 111 01 00 0 0 0011 000 0 1100 0100 0101
0 11 010 01 01 0 0 0010 000 0 0101 1100 0111
1 01 101 10 00 0 0 0000 000 0 0001 0000 0111
0 01 100 11 10 0 0 1000 000 0 1111 0000 0000
0 00 111 01 00 0 0 0011 000 0 1010 0000 1011
1 01 010 10 01 0 0 0000 000 0 0001 1111 1101
1 11 110 10 10 0 0 0000 100 0 1110 0000 1110
0 00 111 01 00 0 0 0011 100 0 1011 0111 1000
0 11 100 01 10 0 1 1010 000 0 0000 0000 0000
0 01 100 10 11 1 0 0000 000 0 1111 0000 0000
0 00 111 01 00 0 0 0011 000 0 1100 0110 0011
0 00 010 10 00 1 0 0000 000 0 0101 0001 0111
0 11 101 10 00 1 1 0010 000 0 0000 0000 0000
1 11 110 10 10 0 0 1000 000 0 1110 1110 0010
0 00 111 01 00 0 0 0011 000 0 0011 0010 1000
1 00 010 10 10 0 0 0100 000 0 0011 0010 0000
0 00 010 01 00 0 0 0001 000 0 0101 0011 1011
0 00 010 10 00 1 0 0001 000 0 0101 0011 1101
1 01 110 10 00 0 0 0000 100 0 1110 0000 1100
0 01 101 11 00 0 0 0000 000 0 0001 0000 0111
1 11 110 10 10 0 0 0000 000 0 1110 0000 0011
0 00 111 01 00 0 0 0011 000 0 1011 0000 0100
1 01 110 10 01 0 0 0000 100 0 1110 1100 1001
1 01 101 10 00 0 0 0000 000 0 0001 0000 1011
0 01 100 10 11 1 0 0000 000 0 1111 1000 0000
0 00 111 01 00 0 0 0011 000 0 0011 0010 0100
0 00 010 10 10 1 0 1010 100 0 1110 0011 0100
0 01 110 01 00 0 0 0000 000 0 1111 0000 0111
1 01 101 10 00 0 0 0000 000 0 0001 0000 0111
0 11 000 01 11 0 0 1010 000 0 0000 1010 0000
0 00 111 01 00 0 0 0011 000 0 1100 0100 1101
0 01 010 01 01 0 0 0010 000 0 1111 0000 0111
1 01 101 10 00 0 0 0000 000 0 0001 0000 0111
1 00 010 10 00 0 0 0000 000 0 0001 0010 0000
0 00 111 01 00 0 0 0011 100 0 0101 1111 1101
1 01 000 10 11 0 0 1000 100 0 0000 0000 0101
1 11 110 10 10 0 0 0000 100 0 1110 0000 0001
0 00 111 01 00 0 0 0011 100 0 0100 0111 1011
0 11 100 01 10 0 1 1010 000 0 0000 0000 0000
0 01 100 10 11 1 0 0000 000 0 1111 1000 0000
0 00 111 01 00 0 0 0011 100 0 0001 1100 0001
0 00 010 10 00 1 0 0000 000 0 0101 0001 0111
0 11 101 10 00 1 1 0010 000 0 0000 0000 0000
1 11 110 10 10 0 0 1000 000 0 1110 0110 0110
0 00 111 01 00 0 0 0011 100 0 1110 1111 0001
1 01 101 10 00 0 0 0000 000 0 0001 0000 1101
1 01 110 10 00 0 0 0000 100 0 1110 0000 1100
0 01 111 00 11 1 0 1111 000 0 1101 0000 0000
1 00 010 10 10 0 0 0100 100 0 0101 0000 0101
0 01 101 11 00 0 0 0000 000 0 0001 0000 0111
1 11 110 10 10 0 0 0000 000 0 1110 0000 0011
0 00 111 01 00 0 0 0011 000 0 0000 0000 1000
1 01 110 10 01 0 0 0000 100 0 1110 1100 1001
0 01 100 10 11 1 0 0000 000 0 1111 0100 0000
0 11 010 10 11 1 0 1010 100 0 1110 1111 0100
0 01 110 01 00 0 0 0000 000 0 1111 0000 0111
1 01 101 10 00 0 0 0000 000 0 0001 0000 0111
0 01 000 01 11 0 0 1010 100 0 0000 0101 0000
0 00 111 01 00 0 0 0011 100 0 0000 1101 0110
0 01 010 01 01 0 0 0010 000 0 1111 1010 0111
1 00 100 01 10 0 0 0001 000 0 0000 0000 1100
0 10 010 01 11 0 0 0000 111 0 0101 0101 0000
0 00 000 11 10 0 0 0000 000 0 0000 0001 0000
0 00 010 00 00 0 0 0000 000 0 1110 1100 0111
0 00 111 01 00 0 0 0011 000 0 1001 1110 1100
0 00 100 01 10 0 0 0011 000 0 1011 0000 1100
1 11 100 10 10 0 1 1000 000 0 0000 0000 0000
0 00 111 01 00 0 0 0011 000 0 1100 0100 1101
1 01 101 10 00 0 0 0000 000 0 0001 0000 0111
0 11 100 10 10 1 1 1010 000 0 0000 0000 0000
0 01 010 10 01 1 0 0010 000 0 1111 1010 0111
0 01 011 01 11 0 1 0000 000 0 0101 1010 0000
1 00 010 10 00 0 0 0000 100 0 0101 0010 1000
0 01 000 01 11 0 1 0101 000 0 0001 0000 0011
0 01 011 00 01 1 0 0000 100 0 0000 0100 0010
1 11 110 10 10 0 0 0000 100 0 1110 0000 1000
1 00 100 01 10 0 0 0101 000 0 0000 0000 1110
0 00 100 10 10 1 0 0101 000 0 0000 0000 0100
0 10 010 01 11 0 0 0101 111 0 0101 0101 0010
0 00 000 11 10 0 0 0100 000 0 0000 0001 0000
0 00 010 00 00 0 0 0001 000 0 1110 1100 0111
0 01 100 10 10 1 0 0000 000 0 1111 0000 0000
0 00 100 01 10 0 0 1011 100 0 1110 1111 1001
1 01 100 10 10 0 0 0100 000 0 0001 0000 1111
0 01 010 01 01 0 0 0001 000 0 1111 1000 1111
0 01 011 01 11 0 1 1010 000 0 0101 1010 0000
1 11 110 10 00 0 0 0000 100 0 1110 0000 1000
1 00 010 10 00 0 0 0000 100 0 0101 0010 1000
0 01 011 00 01 1 0 0010 100 0 0000 0100 1010
1 11 110 10 10 0 0 1000 100 0 1110 0000 1000
0 01 010 10 01 1 0 0001 000 0 1111 0000 0011
1 01 100 10 10 0 1 0100 100 0 0000 0000 0101
1 00 100 01 10 0 0 0101 000 0 0000 0000 0110
0 00 100 10 10 1 0 0101 000 0 0000 0000 1000
0 10 010 01 11 0 0 0101 111 0 0101 0101 1010
0 00 000 11 10 0 0 0100 000 0 0000 0001 0000
0 00 010 00 00 0 0 0001 000 0 1110 1100 0111
0 01 100 10 10 1 0 1010 000 0 1111 0000 0000
1 11 110 10 00 0 0 0000 100 0 1110 0000 1000
0 01 000 01 11 0 0 0000 000 0 1111 1000 0000
0 00 100 01 10 0 0 0111 000 0 1100 0100 1011
0 01 011 01 11 0 1 0101 000 0 0101 1010 0000
1 01 010 10 01 0 0 0000 100 0 1111 0010 1000
0 01 000 01 11 0 0 1010 000 0 0001 0000 0111
0 01 011 00 01 1 0 0001 000 0 0001 0100 0011
1 11 110 10 10 0 0 0100 100 0 1110 0000 1000
0 00 010 01 00 0 0 0000 000 0 0101 0000 1011
0 00 111 01 00 0 0 0011 000 0 1000 1000 0011
1 11 110 10 00 0 0 0000 100 0 1110 0000 1000
1 01 101 10 00 0 0 0000 000 0 0001 0000 1111
0 01 010 10 01 1 0 0000 000 0 1111 1000 1111
0 01 000 10 11 1 0 0101 000 0 1111 1010 0000
0 10 000 01 01 0 0 0001 000 0 0000 1010 0000
1 01 110 10 10 0 0 0000 000 0 0010 1000 0001
0 00 010 01 00 0 0 0010 000 0 0101 0010 0011
1 01 110 10 00 0 0 0000 000 0 1010 0111 1111
1 01 100 10 10 0 0 0100 000 0 1111 0000 0000
1 01 110 10 00 0 0 0000 000 0 0110 0000 0111
0 01 100 01 10 0 0 0101 000 0 1111 0000 0000
0 00 010 10 00 1 0 0010 000 0 0101 0010 1101
0 01 100 01 10 0 0 0101 000 0 1111 0000 0000
1 01 010 10 01 0 0 0000 000 0 0001 1011 1101
1 01 010 10 01 0 0 0000 000 0 0001 0101 0011
1 00 110 10 00 0 0 0000 000 0 1101 1010 0001
0 00 010 01 00 0 0 0001 000 0 0101 0001 0011
1 00 100 10 00 0 0 0000 110 0 1100 0010 1110
1 00 000 10 10 0 0 0000 000 0 0000 0000 0000
1 00 100 01 10 0 0 0100 000 0 0000 0000 1110
0 00 100 01 10 0 0 0101 111 1 1111 1111 1101
0 00 000 00 10 1 0 0101 010 0 0000 0000 0000
1 00 110 10 00 0 0 0000 000 0 1101 1010 1010
0 00 000 00 10 1 0 0101 010 0 0000 0000 0000
1 00 110 10 00 0 0 0000 000 0 1101 0011 1100
0 00 000 00 10 1 0 0101 010 0 0000 0000 0000
1 00 110 10 00 0 0 0000 000 0 1101 0001 1111
0 00 000 00 10 1 0 0101 010 0 0000 0000 0000
1 00 110 10 00 0 0 0000 000 0 1101 1011 1101
0 00 000 00 00 0 0 0000 000 0 0000 0000 0000
1 00 100 10 01 0 0 0000 000 0 0000 0000 0000
1 01 110 10 00 0 0 0000 000 0 0010 1000 1111
1 00 001 10 00 0 0 0000 000 0 0000 0010 0000
1 01 110 10 00 0 0 0000 000 0 1010 1100 0000
1 01 100 10 10 0 0 0000 000 0 1111 0000 0000
1 10 010 10 01 0 0 0000 000 0 0011 1000 0000
0 00 111 01 00 0 0 0011 000 0 0000 1100 1110
1 11 110 10 00 0 0 0000 000 0 1110 1010 0101
1 01 110 10 00 0 0 0000 100 0 1111 0000 0110
1 01 110 10 00 0 0 0000 000 0 0110 1100 0000
0 01 101 01 00 0 0 0000 000 0 1111 0000 0000
0 01 110 10 00 1 0 0000 000 0 1110 1010 0101
1 01 100 10 01 0 0 0000 000 0 1111 0100 0000
1 11 110 10 00 0 0 0000 000 0 1110 1010 0101
0 00 111 01 00 0 0 0011 000 0 0000 1101 0110
1 01 100 10 10 0 0 0000 000 0 1111 0000 0000
0 01 110 10 00 1 0 0000 000 0 1110 1010 0101
0 01 101 01 00 0 0 0000 000 0 1111 0000 0000
1 00 100 10 10 0 0 0100 000 0 0000 0100 1000
1 01 100 10 01 0 0 0000 000 0 1111 1100 0000
1 11 110 10 10 0 0 1000 000 0 1110 0100 1000
1 00 110 10 00 0 0 0000 000 0 1101 0010 1001
0 00 111 01 00 0 0 0011 000 0 1010 0100 1011
1 11 110 10 10 0 0 1000 000 0 1110 0100 1010
1 00 110 10 00 0 0 0000 000 0 1101 0010 1001
0 00 111 01 00 0 0 0011 000 0 0101 0100 0001
1 11 110 10 10 0 0 1000 000 0 1110 0100 1001
1 00 110 10 00 0 0 0000 000 0 1101 0010 1001
0 00 111 01 00 0 0 0011 000 0 1111 1101 1011
1 11 110 10 10 0 0 1000 000 0 1110 1100 0000
1 00 110 10 00 0 0 0000 000 0 1101 0010 1001
0 00 111 01 00 0 0 0011 100 0 0110 0100 0011
1 11 110 10 10 0 0 1000 000 0 1110 1100 0001
1 00 110 10 00 0 0 0000 000 0 1101 0010 1001
0 00 111 01 00 0 0 0011 100 0 1011 1011 1000
0 00 010 00 00 0 0 0000 000 0 1110 0010 0000
0 00 111 01 00 0 0 0011 100 0 0111 1010 1000
1 11 110 10 00 0 0 0000 000 0 1110 1010 0101
1 01 100 10 10 0 0 1000 000 0 1111 0000 0000
1 01 100 10 01 0 0 0000 100 0 0000 1100 0110
0 01 110 01 00 0 0 0000 000 0 1111 0000 0111
1 01 101 10 00 0 0 0000 000 0 0001 0000 0111
1 11 110 10 00 0 0 0000 000 0 1110 1010 0101
0 00 111 01 00 0 0 0011 100 0 0111 1011 1000
0 01 110 10 00 1 0 0010 000 0 1111 0000 0111
1 01 100 10 10 0 0 0100 000 0 0001 0000 0111
0 00 010 01 00 0 0 0001 000 0 0101 0011 1111
0 11 110 01 00 0 0 0001 000 0 0101 0000 0111
1 01 110 10 00 0 0 0000 000 0 0001 0000 0111
1 01 110 10 00 0 0 0000 000 0 0001 0000 1111
0 01 110 10 00 1 0 0000 000 0 1111 0000 0111
1 01 101 10 00 0 0 0000 000 0 0001 0000 0111
0 01 110 01 00 0 0 0010 000 0 1111 0000 0111
1 01 100 10 10 0 0 0000 000 0 0001 0000 0111
0 00 010 01 00 0 0 0000 000 0 0101 0001 0111
1 01 110 10 00 0 0 0000 000 0 0001 0000 0111
0 11 110 10 00 1 0 0000 000 0 0101 0000 0111
1 01 110 10 00 0 0 0000 000 0 0001 0000 0111
1 00 110 10 00 0 0 0000 000 0 1101 1111 0011
1 00 100 10 10 0 0 0100 111 1 1111 1111 1010
1 01 110 10 00 0 0 0000 000 0 1110 1000 0000
0 00 100 01 10 0 0 0101 000 0 0000 0000 1100
0 00 010 00 00 0 0 0010 000 0 1110 0010 0000
0 01 100 10 10 1 0 1010 000 0 1111 0000 0000
0 00 010 01 00 0 0 0010 000 0 0101 0011 0111
0 01 101 11 00 0 0 0000 000 0 0001 0000 0111
1 01 100 10 10 0 0 0000 000 0 1111 0000 0000
0 00 010 10 00 1 0 0000 000 0 0101 0010 0111
1 01 100 10 01 0 0 0000 000 0 0001 1000 0111
0 00 010 01 00 0 0 0000 000 0 0101 0000 0111
0 00 010 00 00 0 0 0001 000 0 1101 0000 0000
1 01 100 10 11 0 0 0000 000 0 0001 0000 0111
1 01 110 10 00 0 0 0000 000 0 0010 0010 0000
1 00 100 10 10 0 0 0000 000 0 0000 0110 0100
0 10 010 00 01 0 0 0000 000 0 0111 1000 0000
1 01 101 10 10 0 0 0100 000 0 1111 0000 0000
0 01 000 11 11 0 0 1000 010 0 1101 0101 0000
1 00 110 10 00 0 0 0000 000 0 1101 0110 0101
1 00 100 01 10 0 0 0010 000 0 0000 0000 1110
0 00 010 00 00 1 0 0010 010 0 0011 0000 0000
0 10 000 00 01 0 0 0001 000 0 0000 0100 0000
0 00 100 10 10 1 0 0000 000 0 0000 0000 1100
0 00 010 00 00 0 0 0000 100 0 0101 0000 0100
1 00 110 10 00 0 0 0000 000 0 1101 0110 0011
0 00 100 11 10 0 0 0100 000 0 0100 0011 1100
1 00 110 10 00 0 0 0000 000 0 1101 0110 0011
0 00 100 11 10 0 0 0100 000 0 1100 0101 0001
1 00 110 10 00 0 0 0000 000 0 1101 0110 0011
0 00 100 11 10 0 0 0100 000 0 0010 0110 1011
1 00 110 10 00 0 0 0000 000 0 1101 0110 0011
0 00 100 11 10 0 0 0100 000 0 0110 1000 1110
1 00 110 10 00 0 0 0000 000 0 1101 1111 0111
0 00 100 10 10 1 0 1111 000 0 0000 1000 0000
1 00 110 10 00 0 0 0000 000 0 1101 1010 0111
0 00 010 00 00 0 0 0000 000 0 0011 0000 0000
0 00 111 00 11 1 0 1111 011 0 0000 0000 1000
0 01 100 01 11 0 0 0011 100 0 0000 1100 1000
1 11 101 10 10 0 0 1000 000 0 0000 0000 0000
1 00 100 01 10 0 0 0000 100 0 1111 1111 1111
0 00 000 01 00 0 0 0000 011 0 0000 0000 0000
1 01 101 10 10 0 0 1000 100 0 0000 0000 0100
1 00 100 10 10 0 0 0000 000 0 0001 0000 0000
0 00 010 01 00 0 0 0000 100 0 0101 0011 1000
0 10 011 00 11 1 0 1111 000 0 0000 0000 0000
0 11 000 01 11 0 0 0101 000 0 0000 0000 0000
0 10 001 01 11 0 0 1010 011 0 0000 0000 0000
0 00 000 11 10 0 0 1000 000 0 0000 0000 0000
0 00 011 00 10 1 0 1111 000 0 0000 0000 0000
0 00 010 00 00 0 0 0010 000 0 1110 0000 1000
1 11 110 10 01 0 0 0000 100 0 0101 0000 0000
1 11 100 10 10 0 0 1000 000 0 0000 0000 0000
0 01 100 10 10 1 0 0010 000 0 1111 0000 0000
1 00 000 11 10 0 0 0000 000 0 0000 0000 0000
1 00 000 11 10 0 0 0000 000 0 0000 0000 0000
1 00 000 11 10 0 0 0000 000 0 0000 0000 0000
0 00 001 01 00 0 0 0000 010 1 0000 0000 0000
0 00 100 01 10 0 0 1010 000 0 0000 0000 1000
0 11 111 10 10 1 0 0101 000 0 0000 0000 0000
0 00 000 01 00 0 0 0000 001 1 0000 0000 0000
0 00 100 10 10 1 0 1010 000 0 0000 0000 1000
0 00 011 00 00 1 0 0001 000 0 0000 0000 0000
1 11 100 10 10 0 0 0000 000 0 0000 0000 0000
1 00 100 10 10 0 0 0100 000 0 0000 0000 0100
0 11 110 10 01 1 0 0000 100 0 1110 1100 0000
0 00 011 00 10 1 0 1111 000 0 0000 0000 0000
0 00 000 01 11 0 0 0000 100 0 1111 1111 1111
1 01 001 01 01 0 0 0010 000 0 1111 0011 0000
0 00 010 10 00 1 0 0000 000 0 0001 0000 0000
1 00 010 10 00 0 0 0000 000 0 1101 0010 0000
0 10 000 01 01 0 0 0001 000 0 0000 1010 0000
1 01 110 10 00 0 0 0000 000 0 0010 0010 0000
0 00 010 10 00 1 0 0010 000 0 0001 0010 0000
1 00 100 10 10 0 0 0000 000 0 0000 1111 0000
1 01 110 01 00 0 0 0000 000 0 1000 0000 0001
0 11 010 01 01 0 0 0010 000 0 0001 1110 0000
1 01 101 10 10 0 0 0100 000 0 1111 0000 0000
1 01 100 10 10 0 0 0000 000 0 1111 0000 0000
1 01 100 10 01 0 0 0000 100 0 0000 1000 0000
0 00 010 00 00 0 0 0001 100 0 0101 0000 0000
0 00 111 10 00 1 0 0011 000 0 1000 0110 1001
0 00 110 01 00 0 0 0000 000 0 1101 1101 1100
1 00 110 10 00 0 0 0000 000 0 1101 1001 1101
0 00 011 00 00 1 0 0011 000 0 0000 0000 0000
1 11 010 10 01 0 0 0000 100 0 0101 0111 1100
0 00 010 01 00 0 0 0010 000 0 0001 0001 0000
0 11 100 10 11 1 0 0101 000 0 0000 0000 0000
1 00 010 11 10 0 0 0101 000 0 0111 0000 0000
1 00 000 11 10 0 0 0101 000 0 0000 0000 0000
1 00 000 11 10 0 0 0101 000 0 0000 0000 0000
1 00 000 10 10 0 0 0000 000 0 0000 0000 0000
0 00 001 01 00 0 0 0001 010 1 0000 0011 0000
0 00 100 10 10 1 0 0000 000 0 0000 0000 1000
0 00 011 10 00 0 0 0011 000 0 0000 0000 0000
0 00 000 01 00 0 0 0001 001 1 0000 0011 0000
0 00 000 00 10 1 0 0000 000 0 0000 0000 0000
0 00 011 10 00 1 0 0011 000 0 0000 0000 0000
0 00 010 10 00 1 0 0010 000 0 0001 0001 0000
1 11 110 10 10 0 0 1000 000 0 0011 0000 0000
0 11 110 10 01 1 0 0010 100 0 1110 1100 1100
0 00 111 01 00 0 0 0011 000 0 0000 0000 0100
0 00 000 01 10 0 0 1010 000 0 0000 0011 0000
0 01 110 01 00 0 0 0010 000 0 1110 0010 0000
1 00 101 01 00 0 0 0000 000 0 1000 1111 1111
1 00 100 10 10 0 0 0100 111 1 1111 1011 1001
1 00 110 10 00 0 0 0000 000 0 1101 1111 0011
1 01 100 10 10 0 0 1000 000 0 1111 0000 0000
1 00 100 10 10 0 0 0100 000 0 0000 0000 0000
1 00 100 10 10 0 0 0100 000 0 0000 0000 0100
1 00 100 10 10 0 0 0100 000 0 0000 0000 0110
1 00 100 10 10 0 0 0100 000 0 0000 0000 0101
1 00 100 10 10 0 0 0100 000 0 0000 1000 1100
1 00 100 10 10 0 0 0100 000 0 0000 0100 0110
1 00 100 10 10 0 0 0100 000 0 0000 0010 1011
1 00 100 10 10 0 0 0100 000 0 0000 1001 0000
1 00 100 10 10 0 0 0100 000 0 0000 1011 0001
1 00 100 10 10 0 0 0100 000 0 1000 1000 1101
1 00 100 10 10 0 0 0100 000 0 1000 0010 0100
1 00 100 10 10 0 0 0100 000 0 1000 1010 1010
1 00 100 10 10 0 0 0100 000 0 1000 1010 0111
1 00 100 10 10 0 0 0100 000 0 1000 0110 0100
1 00 100 10 10 0 0 0100 000 0 1000 0110 0110
1 00 100 10 10 0 0 0100 000 0 1000 0110 0001
1 01 101 10 00 0 0 0000 000 0 0011 0000 0000
0 00 010 00 00 0 0 0000 000 0 1110 0100 0000
0 01 111 10 00 1 0 0011 100 0 0000 0000 0011
1 00 100 10 10 0 0 0100 111 1 1111 1011 0100
0 00 010 00 00 0 0 0000 000 0 0011 0000 0000
1 01 100 10 10 0 0 1000 000 0 1111 0000 0000
0 01 111 10 00 1 0 0011 100 0 0000 0000 1011
1 11 110 10 00 0 0 0000 000 0 0001 0000 0000
1 00 100 01 10 0 0 1010 100 0 1111 0001 0000
0 01 111 10 00 1 0 0011 100 0 0000 0000 0111
1 11 110 10 00 0 0 0000 000 0 0001 0000 0000
0 01 110 00 00 0 0 0010 000 0 0110 1110 1001
0 01 111 10 00 1 0 0011 100 0 0000 0000 1111
1 11 110 10 00 0 0 0000 000 0 0001 0000 0000
1 01 100 10 10 0 0 0000 000 0 1001 0000 0000
1 00 100 01 10 0 0 0000 000 0 0000 0000 1100
1 11 110 10 00 0 0 0000 000 0 0001 0000 0000
0 00 110 01 00 0 0 0000 000 0 1001 1011 1110
1 00 110 10 00 0 0 0000 000 0 1101 1111 0011
0 00 000 00 00 0 0 0000 000 0 0000 0000 0000
1 01 110 10 00 0 0 0000 100 0 1111 0000 0011
1 01 110 10 00 0 0 0000 100 0 1111 0000 1011
1 01 110 10 00 0 0 0000 100 0 1111 0000 0111
1 01 110 10 00 0 0 0000 100 0 1111 0000 1111
1 01 110 10 00 0 0 0000 000 0 0110 1100 0000
1 11 110 10 00 0 0 0000 000 0 0001 0000 0000
0 00 010 00 00 0 0 0010 000 0 1110 0100 0000
1 01 100 10 10 0 0 0000 000 0 1111 0000 0000
1 11 110 10 00 0 0 0000 100 0 1110 0000 0011
1 01 100 10 10 0 0 0100 000 0 1111 0000 0000
1 00 100 01 10 0 0 0101 100 0 1111 0001 0000
0 00 100 01 10 0 0 0101 000 0 0000 0000 0100
0 01 110 10 00 1 0 0000 000 0 1111 0000 0111
0 00 010 00 00 0 0 0001 000 0 1110 1110 0001
1 00 010 10 10 0 0 0000 000 0 0011 0011 0000
1 00 100 01 10 0 0 0000 000 0 0000 0000 1100
1 11 110 10 00 0 0 0000 000 0 0001 0000 0000
1 11 110 10 00 0 0 0000 000 0 0001 0000 0000
0 01 111 01 00 0 0 0011 000 0 1111 0000 0000
1 11 110 10 00 0 0 0000 000 0 0001 0000 0000
1 00 110 10 00 0 0 0000 000 0 1001 0111 1111
1 00 100 10 10 0 0 0100 111 1 1111 1011 0010
1 00 110 10 00 0 0 0000 000 0 1101 1111 0011
1 01 101 10 00 0 0 0000 000 0 0001 0000 0111
1 00 000 10 10 0 0 1000 000 0 0000 0000 0000
0 00 110 01 00 0 0 0000 000 0 1101 1111 0100
1 00 110 10 00 0 0 0000 000 0 1101 1111 1101
1 00 100 10 10 0 0 0000 110 0 0010 0000 0000
1 00 100 10 10 0 0 0000 001 0 0011 0000 0000
1 00 100 10 10 0 0 0000 011 0 0000 0000 0000
1 00 100 10 10 0 0 0000 111 0 0010 0000 0000
0 00 000 00 00 0 0 0000 000 0 0000 0000 0000
0 00 000 00 00 0 0 0000 000 0 0000 0000 0000
0 00 000 00 00 0 0 0000 000 0 0000 0000 0000
0 00 000 00 00 0 0 0000 000 0 0000 0000 0000
0 00 000 00 00 0 0 0000 000 0 0000 0000 0000
0 00 010 00 00 0 0 0000 100 0 0101 0000 0011
0 00 000 00 10 1 0 0101 011 0 0000 0000 0000
1 00 110 10 00 0 0 0000 000 0 1101 1111 0011
1 01 100 10 01 0 0 0000 000 0 1001 1100 0000
0 01 011 00 11 1 0 1111 000 0 0101 0011 0000

