9 2 0 0 4 7 2 E
F A 0 0 8 5 0 9
B 2 4 0 0 9 8 0
2 3 C 0 0 5 E 0
0 3 8 8 0 0 3 0
9 1 8 A E 1 0 0
0 8 0 2 0 E 8 0
9 1 8 4 0 0 0 C
0 8 0 2 0 E 4 0
3 A A 2 8 F 0 8
0 8 0 0 8 E 0 8
B 2 8 8 0 F 0 0
1 2 A 5 0 0 0 2
B A 0 0 8 E 0 8
1 1 8 A 8 C 0 0
B A 0 0 8 F 0 8
B A 8 0 8 E 0 8
0 8 0 2 8 5 0 5
0 8 0 0 0 E 8 1
3 1 8 A 0 F 0 0
9 2 8 0 A E 3 7
0 0 A 5 6 0 0 0
9 2 8 0 C 9 9 9
3 9 8 A 8 F 0 C
0 0 A 5 6 0 0 0
9 2 8 0 8 7 C A
0 0 A 5 6 0 0 0
9 2 8 0 0 5 5 0
0 8 0 0 8 E 0 C
9 2 8 4 4 1 0 0
0 8 0 1 8 5 0 4
B 2 C 0 0 F C 0
9 2 8 4 4 2 0 0
4 2 6 1 0 0 B 0
0 3 0 0 4 0 2 0
4 0 C 1 0 0 C 0
0 1 8 0 0 0 3 0
4 1 C 0 0 0 F 0
0 8 0 0 0 E E 2
3 3 8 8 0 9 0 0
0 8 0 0 0 E 6 6
B A 0 0 8 F 0 E
0 8 0 2 0 E 4 0
8 A 0 0 8 5 3 6
B A 0 0 8 F 0 1
B 2 8 8 8 0 0 9
B 2 8 0 0 F 0 0
9 1 8 0 0 0 0 C
1 1 8 0 F F F 3
9 2 8 4 1 0 0 0
0 0 A 0 6 0 0 0
9 2 8 4 0 0 0 0
0 0 A 0 6 0 0 0
9 2 8 4 4 5 5 5
0 0 A 0 6 0 0 0
9 2 8 4 2 0 0 0
0 8 0 2 8 E 0 C
9 A 0 0 0 D E 5
0 8 0 1 8 5 0 9
0 0 0 0 0 0 0 0
0 0 0 0 0 0 0 0
0 0 0 0 0 0 0 0
0 0 0 0 0 0 0 0
0 0 0 0 0 0 0 0
0 0 0 0 0 0 0 0
0 0 0 0 0 0 0 0
0 0 0 0 0 0 0 0
0 0 0 0 0 0 0 0
0 0 0 0 0 0 0 0
0 0 0 0 0 0 0 0
0 0 0 0 0 0 0 0
0 0 0 0 0 0 0 0
0 0 0 0 0 0 0 0
0 0 0 0 0 0 0 0
0 0 0 0 0 0 0 0
0 0 0 0 0 0 0 0
0 0 0 0 0 0 0 0
0 0 0 0 0 0 0 0
0 0 0 0 0 0 0 0
0 0 0 0 0 0 0 0
0 0 0 0 0 0 0 0
0 0 0 0 0 0 0 0
0 0 0 0 0 0 0 0
0 0 0 0 0 0 0 0
0 0 0 0 0 0 0 0
0 0 0 0 0 0 0 0
0 0 0 0 0 0 0 0
0 0 0 0 0 0 0 0
0 8 0 0 0 E 4 D
1 D 0 3 0 7 D 9
F A 0 0 0 E A 5
B 2 8 8 0 F 0 0
1 D 0 3 0 E 6 6
F 2 9 4 0 0 0 0
3 9 0 2 0 F 0 7
1 D 0 3 0 8 2 A
7 2 B 5 0 0 0 0
3 A 2 2 0 E A 5
B 6 0 0 0 1 0 7
F A 0 0 0 E A 5
1 D 0 3 0 8 3 1
B 2 8 8 0 F 0 0
3 9 0 2 0 F 0 7
3 A 2 2 0 E A 5
B 6 0 0 0 1 0 7
F A 0 0 0 E A 5
1 D 0 3 0 C 4 9
B 2 8 8 0 F 0 0
3 9 0 2 0 F 0 7
B 6 0 0 0 1 0 7
F A 8 0 8 E 0 6
1 D 0 3 8 9 E F
3 A 2 2 0 E A 5
3 2 E 0 0 F 0 0
1 D 0 3 0 B 2 4
3 A 6 0 0 F 4 7
7 5 1 1 0 0 0 0
B 2 8 8 0 F 0 0
0 9 0 2 0 5 2 D
9 A 0 0 0 9 0 0
1 D 0 3 8 E 0 1
F A 8 8 8 E 0 C
3 7 0 0 0 1 0 7
F A 8 0 0 E 0 3
1 D 0 3 8 E 0 9
B A 4 0 8 E C 9
3 2 E 0 0 F 8 0
0 A A A 8 E 3 4
3 9 0 0 0 F 0 7
B 6 0 0 0 1 0 7
2 1 C A 0 1 A B
1 D 0 3 0 C 4 5
6 9 4 2 0 5 C 7
B 6 0 0 0 1 0 7
3 3 8 8 0 F 0 0
1 D 0 3 0 A 0 B
A A 4 0 0 1 F D
F A 8 0 8 E 0 E
1 D 0 3 8 B 7 8
7 1 9 A 0 0 0 0
3 2 E 0 0 F 0 0
1 D 0 3 0 C 6 3
0 A 2 0 0 5 1 7
7 6 3 2 0 0 0 0
F A 8 8 0 E E 2
1 D 0 3 0 3 2 8
8 A 8 4 0 3 2 0
0 9 0 1 0 5 3 B
0 A 2 1 0 5 3 D
B A 0 0 8 E 0 C
3 7 0 0 0 1 0 7
F A 8 0 0 E 0 3
1 D 0 3 0 B 0 4
B A 4 0 8 E C 9
B 6 0 0 0 1 0 B
3 2 E 0 0 F 8 0
1 D 0 3 0 3 2 4
0 A A A 8 E 3 4
3 9 0 0 0 F 0 7
B 6 0 0 0 1 0 7
6 1 C A 0 0 A 0
1 D 0 3 0 C 4 D
2 9 4 2 0 F 0 7
B 6 0 0 0 1 0 7
8 A 0 0 0 1 2 0
1 D 0 3 8 5 F D
A 2 C 8 8 0 0 5
F A 8 0 8 E 0 1
1 D 0 3 8 4 7 B
7 1 9 A 0 0 0 0
3 2 E 0 0 F 8 0
1 D 0 3 8 1 C 1
0 A 2 0 0 5 1 7
7 6 3 2 0 0 0 0
F A 8 8 0 E 6 6
1 D 0 3 8 E F 1
B 6 0 0 0 1 0 D
B A 0 0 8 E 0 C
3 C E F 0 D 0 0
8 A 8 4 8 5 0 5
3 7 0 0 0 1 0 7
F A 8 0 0 E 0 3
1 D 0 3 0 0 0 8
B A 4 0 8 E C 9
3 2 E 0 0 F 4 0
6 A E A 8 E F 4
3 9 0 0 0 F 0 7
B 6 0 0 0 1 0 7
2 1 C A 8 0 5 0
1 D 0 3 8 0 D 6
2 9 4 2 0 F A 7
9 1 8 1 0 0 0 C
4 9 C 0 E 5 5 0
0 3 8 0 0 0 1 0
0 8 0 0 0 E C 7
1 D 0 3 0 9 E C
1 1 8 3 0 B 0 C
F 2 9 8 0 0 0 0
1 D 0 3 0 C 4 D
B 6 0 0 0 1 0 7
7 2 B A 0 0 0 0
2 A 6 2 0 F A 7
2 D D 0 0 5 A 0
8 A 0 0 8 5 2 8
2 1 D 5 0 1 0 3
2 C 6 0 8 0 4 2
F A 8 0 8 E 0 8
9 1 8 5 0 0 0 E
1 2 A 5 0 0 0 4
4 9 C 5 E 5 5 2
0 3 8 4 0 0 1 0
0 8 0 1 0 E C 7
3 2 A 0 0 F 0 0
1 1 8 B 8 E F 9
B 2 8 4 0 1 0 F
2 9 4 1 0 F 8 F
2 D D A 0 5 A 0
F A 0 0 8 E 0 8
8 A 0 0 8 5 2 8
2 C 6 2 8 0 4 A
F A 8 8 8 E 0 8
2 A 6 1 0 F 0 3
B 2 9 4 8 0 0 5
9 1 8 5 0 0 0 6
1 2 A 5 0 0 0 8
4 9 C 5 E 5 5 A
0 3 8 4 0 0 1 0
0 8 0 1 0 E C 7
3 2 A A 0 F 0 0
F A 0 0 8 E 0 8
2 1 C 0 0 F 8 0
1 1 8 7 0 C 4 B
2 D D 5 0 5 A 0
A A 4 0 8 F 2 8
2 1 C A 0 1 0 7
2 C 6 1 0 1 4 3
F A 8 4 8 E 0 8
0 9 0 0 0 5 0 B
1 D 0 3 0 8 8 3
F A 0 0 8 E 0 8
B 6 0 0 0 1 0 F
2 A 6 0 0 F 8 F
2 2 E 5 0 F A 0
4 1 4 1 0 0 A 0
B A 8 0 0 2 8 1
0 9 0 2 0 5 2 3
B A 0 0 0 A 7 F
B 2 8 4 0 F 0 0
B A 0 0 0 6 0 7
3 1 8 5 0 F 0 0
0 A 2 2 0 5 2 D
3 1 8 5 0 F 0 0
A A 4 0 0 1 B D
A A 4 0 0 1 5 3
9 A 0 0 0 D A 1
0 9 0 1 0 5 1 3
9 2 0 0 C C 2 E
8 2 8 0 0 0 0 0
9 1 8 4 0 0 0 E
1 1 8 5 F F F D
0 0 A 5 4 0 0 0
9 A 0 0 0 D A A
0 0 A 5 4 0 0 0
9 A 0 0 0 D 3 C
0 0 A 5 4 0 0 0
9 A 0 0 0 D 1 F
0 0 A 5 4 0 0 0
9 A 0 0 0 D B D
0 0 0 0 0 0 0 0
9 2 4 0 0 0 0 0
B A 0 0 0 2 8 F
8 6 0 0 0 0 2 0
B A 0 0 0 A C 0
B 2 8 0 0 F 0 0
C A 4 0 0 3 8 0
1 D 0 3 0 0 C E
F A 0 0 0 E A 5
B A 0 0 8 F 0 6
B A 0 0 0 6 C 0
3 5 0 0 0 F 0 0
3 A 2 0 0 E A 5
B 2 4 0 0 F 4 0
F A 0 0 0 E A 5
1 D 0 3 0 0 D 6
B 2 8 0 0 F 0 0
3 A 2 0 0 E A 5
3 5 0 0 0 F 0 0
9 2 8 4 0 0 4 8
B 2 4 0 0 F C 0
F A 8 8 0 E 4 8
9 A 0 0 0 D 2 9
1 D 0 3 0 A 4 B
F A 8 8 0 E 4 A
9 A 0 0 0 D 2 9
1 D 0 3 0 5 4 1
F A 8 8 0 E 4 9
9 A 0 0 0 D 2 9
1 D 0 3 0 F D B
F A 8 8 0 E C 0
9 A 0 0 0 D 2 9
1 D 0 3 8 6 4 3
F A 8 8 0 E C 1
9 A 0 0 0 D 2 9
1 D 0 3 8 B B 8
0 8 0 0 0 E 2 0
1 D 0 3 8 7 A 8
F A 0 0 0 E A 5
B 2 8 8 0 F 0 0
B 2 4 0 8 0 C 6
3 9 0 0 0 F 0 7
B 6 0 0 0 1 0 7
F A 0 0 0 E A 5
1 D 0 3 8 7 B 8
3 A 2 2 0 F 0 7
B 2 8 4 0 1 0 7
0 9 0 1 0 5 3 F
7 9 0 1 0 5 0 7
B A 0 0 0 1 0 7
B A 0 0 0 1 0 F
3 A 2 0 0 F 0 7
B 6 0 0 0 1 0 7
3 9 0 2 0 F 0 7
B 2 8 0 0 1 0 7
0 9 0 0 0 5 1 7
B A 0 0 0 1 0 7
7 A 2 0 0 5 0 7
B A 0 0 0 1 0 7
9 A 0 0 0 D F 3
9 2 8 4 F F F A
B A 0 0 0 E 8 0
1 1 8 5 0 0 0 C
0 8 0 2 0 E 2 0
3 2 A A 0 F 0 0
0 9 0 2 0 5 3 7
3 7 0 0 0 1 0 7
B 2 8 0 0 F 0 0
0 A 2 0 0 5 2 7
B 2 4 0 0 1 8 7
0 9 0 0 0 5 0 7
0 8 0 1 0 D 0 0
B 2 C 0 0 1 0 7
B A 0 0 0 2 2 0
9 2 8 0 0 0 6 4
4 8 4 0 0 7 8 0
B 6 8 4 0 F 0 0
2 3 C 8 4 D 5 0
9 A 0 0 0 D 6 5
9 1 8 2 0 0 0 E
0 8 2 2 4 3 0 0
4 0 4 1 0 0 4 0
1 2 A 0 0 0 0 C
0 8 0 0 8 5 0 4
9 A 0 0 0 D 6 3
1 3 8 4 0 4 3 C
9 A 0 0 0 D 6 3
1 3 8 4 0 C 5 1
9 A 0 0 0 D 6 3
1 3 8 4 0 2 6 B
9 A 0 0 0 D 6 3
1 3 8 4 0 6 8 E
9 A 0 0 0 D F 7
1 2 A F 0 0 8 0
9 A 0 0 0 D A 7
0 8 0 0 0 3 0 0
1 C E F 6 0 0 8
3 1 C 3 8 0 C 8
F 6 8 8 0 0 0 0
9 1 8 0 8 F F F
0 1 0 0 6 0 0 0
B 6 8 8 8 0 0 4
9 2 8 0 0 1 0 0
0 9 0 0 8 5 3 8
4 C E F 0 0 0 0
6 1 C 5 0 0 0 0
4 5 C A 6 0 0 0
0 3 8 8 0 0 0 0
0 C A F 0 0 0 0
0 8 0 2 0 E 0 8
F A 4 0 8 5 0 0
F 2 8 8 0 0 0 0
3 2 A 2 0 F 0 0
8 3 8 0 0 0 0 0
8 3 8 0 0 0 0 0
8 3 8 0 0 0 0 0
0 5 0 0 5 0 0 0
1 1 8 A 0 0 0 8
7 E A 5 0 0 0 0
0 1 0 0 3 0 0 0
1 2 A A 0 0 0 8
0 C 2 1 0 0 0 0
F 2 8 0 0 0 0 0
9 2 8 4 0 0 0 4
7 A 6 0 8 E C 0
0 C A F 0 0 0 0
0 1 C 0 8 F F F
A 5 4 2 0 F 3 0
0 A 2 0 0 1 0 0
8 A 0 0 0 D 2 0
4 1 4 1 0 0 A 0
B A 0 0 0 2 2 0
0 A 2 2 0 1 2 0
9 2 8 0 0 0 F 0
B 9 0 0 0 8 0 1
6 9 4 2 0 1 E 0
B 6 8 4 0 F 0 0
B 2 8 0 0 F 0 0
B 2 4 0 8 0 8 0
0 8 0 1 8 5 0 0
1 E 2 3 0 8 6 9
1 9 0 0 0 D D C
9 A 0 0 0 D 9 D
0 C 2 3 0 0 0 0
E A 4 0 8 5 7 C
0 9 0 2 0 1 1 0
7 2 E 5 0 0 0 0
8 B 8 5 0 7 0 0
8 3 8 5 0 0 0 0
8 3 8 5 0 0 0 0
8 2 8 0 0 0 0 0
0 5 0 1 5 0 3 0
1 2 A 0 0 0 0 8
0 E 0 3 0 0 0 0
0 1 0 1 3 0 3 0
0 0 A 0 0 0 0 0
0 E 2 3 0 0 0 0
0 A 2 2 0 1 1 0
F A 8 8 0 3 0 0
7 A 6 2 8 E C C
1 D 0 3 0 0 0 4
0 1 8 A 0 0 3 0
3 9 0 2 0 E 2 0
9 5 0 0 0 8 F F
9 2 8 4 F F B 9
9 A 0 0 0 D F 3
B 2 8 8 0 F 0 0
9 2 8 4 0 0 0 0
9 2 8 4 0 0 0 4
9 2 8 4 0 0 0 6
9 2 8 4 0 0 0 5
9 2 8 4 0 0 8 C
9 2 8 4 0 0 4 6
9 2 8 4 0 0 2 B
9 2 8 4 0 0 9 0
9 2 8 4 0 0 B 1
9 2 8 4 0 8 8 D
9 2 8 4 0 8 2 4
9 2 8 4 0 8 A A
9 2 8 4 0 8 A 7
9 2 8 4 0 8 6 4
9 2 8 4 0 8 6 6
9 2 8 4 0 8 6 1
B 6 0 0 0 3 0 0
0 8 0 0 0 E 4 0
3 E 2 3 8 0 0 3
9 2 8 4 F F B 4
0 8 0 0 0 3 0 0
B 2 8 8 0 F 0 0
3 E 2 3 8 0 0 B
F A 0 0 0 1 0 0
9 1 8 A 8 F 1 0
3 E 2 3 8 0 0 7
F A 0 0 0 1 0 0
3 8 0 2 0 6 E 9
3 E 2 3 8 0 0 F
F A 0 0 0 1 0 0
B 2 8 0 0 9 0 0
9 1 8 0 0 0 0 C
F A 0 0 0 1 0 0
1 9 0 0 0 9 B E
9 A 0 0 0 D F 3
0 0 0 0 0 0 0 0
B A 0 0 8 F 0 3
B A 0 0 8 F 0 B
B A 0 0 8 F 0 7
B A 0 0 8 F 0 F
B A 0 0 0 6 C 0
F A 0 0 0 1 0 0
0 8 0 2 0 E 4 0
B 2 8 0 0 F 0 0
F A 0 0 8 E 0 3
B 2 8 4 0 F 0 0
9 1 8 5 8 F 1 0
1 1 8 5 0 0 0 4
3 A 2 0 0 F 0 7
0 8 0 1 0 E E 1
8 A 8 0 0 3 3 0
9 1 8 0 0 0 0 C
F A 0 0 0 1 0 0
F A 0 0 0 1 0 0
3 D 0 3 0 F 0 0
F A 0 0 0 1 0 0
9 A 0 0 0 9 7 F
9 2 8 4 F F B 2
9 A 0 0 0 D F 3
B 6 0 0 0 1 0 7
8 2 8 8 0 0 0 0
1 9 0 0 0 D F 4
9 A 0 0 0 D F D
9 2 8 0 C 2 0 0
9 2 8 0 2 3 0 0
9 2 8 0 6 0 0 0
9 2 8 0 E 2 0 0
0 0 0 0 0 0 0 0
0 0 0 0 0 0 0 0
0 0 0 0 0 0 0 0
0 0 0 0 0 0 0 0
0 0 0 0 0 0 0 0
0 8 0 0 8 5 0 3
0 0 A 5 6 0 0 0
9 A 0 0 0 D F 3
B 2 4 0 0 9 C 0
2 C E F 0 5 3 0
