E
9
0
0
0
0
0
C
0
8
8
0
2
8
0
8
8
5
1
0
7
0
9
C
0
A
0
0
C
0
4
0
0
0
0
0
0
0
2
0
6
E
0
6
1
9
0
C
3
0
0
0
0
5
0
0
C
5
9
0
0
0
0
0
0
0
0
0
0
0
0
0
0
0
0
0
0
0
0
0
0
0
0
0
0
0
0
0
D
9
5
0
6
0
7
A
0
5
7
5
1
0
7
5
7
5
9
0
7
7
6
F
5
0
4
7
0
0
D
0
1
C
7
3
9
9
0
4
7
7
B
5
7
7
0
B
D
E
8
0
0
3
7
0
2
8
0
B
D
C
7
3
4
9
B
0
4
4
7
7
0
D
7
7
0
D
5
1
B
0
0
1
7
0
6
1
D
C
0
5
7
3
8
9
0
4
7
7
0
6
7
C
0
0
7
C
C
0
D
7
0
7
0
8
3
2
8
E
4
2
0
7
0
9
F
F
0
8
8
A
8
3
5
6
8
A
0
7
0
8
0
B
0
8
7
3
8
B
3
8
F
F
0
0
1
3
F
0
7
0
D
0
D
3
1
3
E
0
E
D
0
A
0
C
0
F
0
D
0
0
F
0
0
0
0
E
5
6
0
0
5
0
5
6
0
5
0
8
0
8
9
B
A
9
1
9
9
B
0
9
3
1
9
8
0
8
5
0
6
7
7
5
8
7
7
F
7
7
F
7
7
7
7
7
7
7
7
3
A
0
C
0
0
7
7
0
7
7
7
0
7
0
4
0
0
0
5
E
0
0
C
4
3
C
3
1
3
B
3
E
7
0
7
0
8
8
0
F
0
4
0
8
0
0
0
0
0
8
0
0
0
0
0
0
0
8
0
0
8
0
0
4
0
0
F
0
0
0
0
0
0
0
1
0
0
0
0
0
9
C
D
0
C
0
0
0
0
0
0
0
8
0
0
0
0
0
0
C
4
0
0
F
9
3
0
0
4
6
5
C
6
B
0
1
D
4
A
7
4
6
1
0
0
3
4
0
0
B
0
0
7
0
9
F
0
0
C
0
E
3
0
3
B
7
F
0
0
0
0
3
0
0
4
7
1
0
C
0
0
0
0
F
2
3
7
0
4
D
0
0
0
0
0
0
0
0
0
3
0
3
0
0
