2
0
8
E
3
0
8
0
4
0
0
0
0
0
0
0
0
0
8
0
3
0
9
0
0
C
0
5
0
0
0
C
0
B
2
C
3
F
E
0
6
0
4
3
0
0
0
0
F
0
0
0
0
5
0
0
0
E
0
0
0
0
0
0
0
0
0
0
0
0
0
0
0
0
0
0
0
0
0
0
0
0
0
0
0
0
0
0
4
D
A
0
6
0
0
2
0
A
0
A
3
0
0
A
0
A
4
0
0
0
0
E
A
0
2
4
0
0
2
0
0
0
0
0
0
C
8
3
0
0
A
4
C
0
0
0
F
0
7
0
0
6
1
0
E
2
2
3
3
0
0
0
0
C
0
8
2
3
0
0
A
4
0
0
2
F
0
0
7
0
8
C
1
0
6
F
0
0
0
0
0
0
0
C
4
F
0
0
5
D
A
0
5
1
C
E
0
0
4
0
0
A
A
2
0
4
0
0
0
5
1
C
0
F
0
8
A
0
2
4
0
0
0
0
0
5
1
C
0
0
8
4
A
2
0
4
0
0
8
0
0
8
A
A
8
2
7
0
0
0
2
0
B
5
A
1
2
0
0
F
0
A
0
3
0
1
0
B
0
0
8
2
C
0
8
C
A
0
C
0
A
4
A
D
0
A
0
4
C
4
2
4
4
2
4
4
2
D
C
2
4
C
2
B
2
A
A
0
C
0
0
A
B
0
0
3
0
0
0
0
0
0
0
1
0
0
0
F
F
8
0
2
0
3
0
0
2
8
0
0
0
2
6
8
0
5
6
0
0
4
0
0
6
3
6
5
6
6
6
8
F
8
A
0
0
C
0
F
0
0
0
3
0
0
0
0
0
0
0
0
0
0
0
0
0
0
0
0
0
0
0
0
C
0
F
3
0
2
A
2
2
F
0
E
0
0
8
0
6
D
9
0
7
1
0
0
0
0
0
3
0
0
3
0
0
1
0
C
0
3
2
F
B
F
0
0
0
0
0
8
4
2
9
B
8
2
A
A
6
6
6
0
4
0
B
0
0
0
0
1
0
0
E
0
0
0
0
0
B
F
0
0
0
0
0
C
0
4
0
0
0
1
0
0
E
3
0
0
0
0
0
7
B
F
0
0
F
F
0
0
0
0
0
0
0
0
0
0
0
F
C
3
