4
8
0
0
0
E
0
0
0
8
8
0
0
8
8
8
8
8
0
0
A
6
C
8
6
8
6
0
8
4
8
0
4
0
4
0
0
0
0
0
0
8
0
8
8
8
0
0
F
1
6
0
6
4
6
2
8
0
8
0
0
0
0
0
0
0
0
0
0
0
0
0
0
0
0
0
0
0
0
0
0
0
0
0
0
0
0
0
0
0
0
0
0
0
0
0
0
0
0
0
0
0
0
0
0
0
0
0
0
0
8
8
0
0
0
0
0
0
0
0
8
8
0
0
8
8
0
8
0
0
0
0
0
0
0
0
0
8
8
0
0
0
0
0
0
0
0
0
0
8
0
0
0
8
0
0
0
8
0
0
0
0
0
0
0
8
8
8
8
0
0
8
0
0
0
8
0
8
0
8
0
0
0
8
0
8
0
0
8
8
0
0
E
0
0
0
0
0
0
0
0
0
0
8
0
8
8
0
0
E
0
0
0
8
0
0
0
8
8
8
8
0
8
0
0
E
0
0
0
8
0
0
0
8
0
0
8
0
0
8
0
0
0
0
0
0
0
0
0
0
0
0
0
0
0
0
C
0
0
F
4
0
4
0
4
0
4
0
0
0
0
0
0
0
0
0
0
8
0
0
0
0
0
0
0
0
0
0
0
0
0
0
0
0
0
0
0
0
0
0
8
0
0
8
0
8
0
0
8
0
0
0
8
0
0
0
0
0
0
0
0
0
0
0
0
0
0
0
F
0
0
0
0
0
0
0
0
0
0
0
0
0
0
0
0
4
0
0
4
0
0
8
0
0
0
0
0
0
0
0
0
0
0
0
6
8
0
8
6
8
0
8
0
0
6
0
0
0
8
0
0
0
0
0
5
0
0
3
0
0
0
0
8
0
8
0
0
0
0
0
0
0
0
0
0
0
8
8
0
0
0
0
8
0
0
0
0
0
0
5
0
0
3
0
0
0
0
8
0
0
0
0
F
0
0
0
0
0
0
0
0
0
0
0
0
0
0
0
0
0
0
0
0
8
F
0
0
8
0
8
8
0
0
8
0
0
0
0
0
0
0
8
8
8
8
0
0
0
0
8
0
8
0
0
0
0
0
0
0
0
0
0
F
0
0
0
0
0
C
2
6
E
0
0
0
0
0
8
6
0
0
0
