0
0
0
0
8
A
2
4
2
2
0
8
5
0
A
0
0
2
0
A
0
5
0
A
5
0
5
0
0
4
1
0
4
1
0
1
0
0
0
8
0
0
2
0
0
8
0
0
0
4
0
4
0
4
0
4
2
0
1
0
0
0
0
0
0
0
0
0
0
0
0
0
0
0
0
0
0
0
0
0
0
0
0
0
0
0
0
0
0
3
0
8
3
4
2
3
5
2
0
0
3
8
2
2
0
0
3
8
2
0
0
3
2
0
3
0
1
8
2
0
3
8
0
0
3
0
0
A
0
0
A
3
2
0
8
3
0
0
3
A
0
3
0
2
8
3
4
1
1
0
0
0
3
0
0
0
3
A
0
0
A
3
2
0
0
3
8
0
3
A
0
3
0
2
8
3
0
0
F
4
0
0
3
0
0
A
0
0
A
3
2
1
0
0
0
3
3
8
3
0
A
2
0
0
5
0
0
5
5
5
4
1
0
B
4
1
A
0
0
2
8
1
4
5
5
5
4
1
A
0
0
7
5
0
A
1
4
0
3
0
0
0
5
1
0
2
0
4
0
5
2
5
0
0
0
1
0
0
4
5
5
0
5
0
5
0
5
0
0
0
0
0
0
0
0
3
0
0
0
0
0
0
0
3
0
0
0
4
0
8
0
3
8
0
3
8
0
3
8
0
3
8
0
3
0
3
0
8
0
0
0
0
3
2
4
1
1
0
0
0
0
2
0
0
0
0
0
0
4
0
5
2
A
2
0
0
0
0
0
1
0
0
0
0
4
8
0
2
2
1
0
0
0
4
0
4
0
4
0
4
0
F
0
0
F
3
8
0
0
8
0
0
F
5
A
8
F
2
0
8
2
0
0
0
0
A
5
0
A
1
0
4
0
F
0
2
0
0
1
0
2
0
0
2
4
0
0
1
3
0
0
3
0
2
5
5
5
5
0
1
0
3
1
0
3
2
8
2
3
A
2
0
4
0
8
4
4
4
4
4
4
4
4
4
4
4
4
4
4
4
4
0
0
3
4
0
8
3
0
A
3
0
2
3
0
0
0
0
0
0
0
0
0
0
0
0
0
2
0
0
4
5
5
0
1
0
0
0
0
3
0
0
4
0
0
8
0
0
0
0
0
0
0
0
0
0
0
0
5
0
0
F
