0
0
4
C
8
8
0
8
0
A
0
8
A
0
8
0
8
0
0
8
8
A
8
8
A
8
A
8
0
8
0
C
8
6
0
C
8
C
0
8
0
0
0
0
0
8
8
8
8
8
A
8
A
8
A
8
0
0
0
0
0
0
0
0
0
0
0
0
0
0
0
0
0
0
0
0
0
0
0
0
0
0
0
0
0
0
0
0
0
0
0
8
0
9
0
0
B
2
0
0
0
8
0
2
0
0
0
8
0
0
8
0
2
E
0
6
1
8
0
0
0
8
0
8
0
4
E
A
0
0
C
0
4
0
8
0
4
8
0
9
E
0
2
3
8
0
8
0
2
0
0
8
0
4
0
E
0
A
0
0
C
0
4
0
0
0
C
8
0
9
E
0
2
3
8
0
0
0
E
8
0
8
0
4
E
E
0
0
C
0
4
8
C
8
0
0
8
9
0
0
B
6
D
0
D
6
8
8
A
C
8
0
A
8
8
4
D
0
0
6
8
6
9
8
A
C
8
0
A
0
C
8
D
4
C
6
8
0
0
0
0
6
E
4
8
0
0
8
0
8
2
8
4
4
0
0
0
8
8
8
A
0
A
0
A
0
A
0
0
4
0
0
0
8
4
0
0
0
0
0
2
4
0
0
8
2
0
8
4
8
0
0
8
0
0
8
0
0
8
0
0
8
0
0
0
0
0
8
4
0
0
0
0
2
8
0
0
0
0
2
0
0
8
0
0
2
0
0
8
0
8
0
A
0
0
8
2
4
0
0
C
0
8
4
8
C
0
8
2
4
A
0
0
8
0
8
0
8
0
8
0
A
0
0
E
C
8
8
0
8
8
0
E
C
C
8
A
0
4
8
A
8
8
8
0
8
A
0
A
2
8
8
6
A
C
4
2
0
4
0
2
8
0
4
8
8
4
0
2
0
0
2
4
0
E
8
8
8
8
0
A
0
0
A
2
2
8
6
0
8
0
0
8
0
8
8
8
8
8
8
8
8
8
8
8
8
8
8
8
8
8
0
0
2
8
0
8
2
0
8
2
0
0
2
0
8
8
0
0
0
0
0
0
0
0
0
0
0
8
0
8
8
8
2
0
8
8
0
0
0
0
0
8
0
0
8
0
0
8
8
8
8
0
0
0
0
0
0
A
0
4
E
