9
F
B
2
0
9
0
9
0
3
0
B
1
B
1
B
B
0
0
3
9
0
9
3
0
9
0
9
0
9
0
B
9
4
0
4
0
4
0
3
0
B
0
8
B
B
B
9
1
9
0
9
0
9
0
9
0
9
0
0
0
0
0
0
0
0
0
0
0
0
0
0
0
0
0
0
0
0
0
0
0
0
0
0
0
0
0
0
0
1
F
B
1
F
3
1
7
3
B
F
1
B
3
3
B
F
1
B
3
B
F
1
3
3
1
3
7
B
0
9
1
F
3
F
1
B
3
0
3
B
2
1
6
B
3
1
A
F
1
7
3
1
0
7
F
1
8
0
0
B
3
F
1
B
B
3
1
0
3
B
6
1
2
B
8
1
A
F
1
7
3
1
0
7
F
1
B
B
3
8
3
F
1
B
3
6
3
B
2
1
2
9
4
0
0
1
1
F
1
B
7
2
2
8
2
2
F
9
1
4
0
0
3
1
B
2
2
F
8
2
F
2
B
9
1
4
0
0
3
F
2
1
2
A
2
2
F
0
1
F
B
2
2
4
B
0
B
B
B
3
0
3
A
A
9
0
9
8
9
1
0
9
0
9
0
9
0
9
0
9
B
8
B
B
C
1
F
B
B
3
3
B
F
1
B
3
3
9
B
F
9
1
F
9
1
F
9
1
F
9
1
F
9
1
0
1
F
B
B
3
B
F
1
3
B
0
7
B
B
3
B
3
B
0
B
7
B
9
9
B
1
0
3
0
3
B
0
B
0
0
B
B
9
4
B
2
9
9
0
4
1
0
9
1
9
1
9
1
9
1
9
1
9
0
1
3
F
9
0
B
9
0
4
6
4
0
0
0
F
F
3
8
8
8
0
1
7
0
1
0
F
9
7
0
0
A
0
8
4
B
0
9
B
6
B
B
B
0
1
1
9
0
E
0
7
8
8
8
8
0
1
0
0
0
0
0
F
7
1
0
3
9
9
9
B
9
9
9
9
9
9
9
9
9
9
9
9
9
9
9
9
B
0
3
9
0
B
3
F
9
3
F
3
3
F
B
9
F
1
9
0
B
B
B
B
B
F
0
B
F
B
9
1
3
0
8
9
F
F
3
F
9
9
9
B
8
1
9
9
9
9
9
0
0
0
0
0
0
0
9
B
2
